%       Time    V-node    V-node    V-node    V-node    V-node    V-node    V-node    V-node    V-node    V-node    V-node    V-node    V-node    V-node    V-node    V-node    V-node    V-node    V-node    V-node    V-node    V-node    V-node    V-node    V-node    V-node    V-node    V-node    V-node    V-node    I-bran    I-bran    I-bran    I-bran    I-bran    I-bran    I-bran    I-bran    I-bran    I-bran    I-bran    I-bran    I-bran    I-bran    I-bran    I-bran    I-bran    I-bran    I-bran    I-bran    I-bran    I-bran    I-bran    I-bran    I-bran    I-bran    I-bran    I-bran    I-bran    I-bran    I-bran    I-bran    I-bran    I-bran
%        in     GR1A      GR1B      GR1C      GR2A      GR2B      GR2C      AD1A      AD1B      AD1C      AD2A      AD2B      AD2C      SJ2A      SJ2B      SJ2C      SJ1A      SJ1B      SJ1C      AN2A      AN2B      AN2C      AN1A      AN1B      AN1C      ZO1A      ZO1B      ZO1C      ZO2A      ZO2B      ZO2C      GRTHA     GRTHB     GRTHC     GRTHA     GRTHB     GRTHC     ADTHA     ADTHB     ADTHC     ADTHA     ADTHB     ADTHC     SJTHA     SJTHB     SJTHC     SJTHA     SJTHB     SJTHC     ANTHA     ANTHB     ANTHC     ZOTHA     ZOTHB     ZOTHC     TCA_ZO    TCB_ZO    TCC_ZO    TCA_AN    TCB_AN    TCC_AN    RFALTA    RFALTB    RFALTC    RFALNN
%     second                                                                                                                                                                                                                                                                                                                GR1A      GR1B      GR1C      GR2A      GR2B      GR2C      AD1A      AD1B      AD1C      AD2A      AD2B      AD2C      SJ2A      SJ2B      SJ2C      SJ1A      SJ1B      SJ1C      AN1A      AN1B      AN1C      ZO1A      ZO1B      ZO1C      TCANZO    TCBNZO    TCCNZO    TCANAN    TCBNAN    TCCNAN    RFALTN    RFALTN    RFALTN    TERRA 
sinais = [
0.000000	-1.898774	1.823531	-0.213334	2.031544	-1.492936	-0.247481
0.000260	-4.372477	3.451166	0.324009	4.473457	-2.625582	-1.272576
0.000521	-4.088698	2.211120	1.410384	3.909129	-1.347401	-2.145482
0.000781	-4.275016	1.589357	2.260739	3.896770	-0.620871	-2.922171
0.001042	-3.797590	0.446308	3.056648	3.204982	0.500589	-3.505654
0.001302	-3.349080	-0.456350	3.616973	2.598399	1.368215	-3.885561
0.001563	-2.536706	-1.502640	3.992910	1.657440	2.298736	-4.024173
0.001823	-1.674011	-2.352364	4.106152	0.730905	2.998410	-3.926489
0.002083	-0.650002	-3.125199	3.985284	-0.304234	3.575902	-3.591518
0.002344	0.378765	-3.675145	3.617039	-1.287925	3.907681	-3.036960
0.002604	1.400483	-4.022822	3.034994	-2.212881	4.020733	-2.300781
0.002865	2.334518	-4.123877	2.267486	-2.996145	3.887363	-1.424713
0.003125	3.128436	-3.978316	1.363135	-3.599500	3.522575	-0.464719
0.003385	3.734108	-3.594220	0.375890	-3.990578	2.945711	0.527614
0.003646	4.115769	-2.995019	-0.634459	-4.142076	2.193796	1.489613
0.003906	4.251386	-2.216594	-1.608798	-4.042375	1.309351	2.361814
0.004167	4.131946	-1.305643	-2.487830	-3.700266	0.346774	3.092236
0.004427	3.764310	-0.316312	-3.218443	-3.138687	-0.635256	3.641641
0.004687	3.170705	0.691634	-3.757242	-2.389643	-1.579940	3.973856
0.004948	2.387670	1.657660	-4.072415	-1.494208	-2.429633	4.066566
0.005208	1.461481	2.524407	-4.144784	-0.508483	-3.133664	3.917235
0.005469	0.446893	3.239486	-3.969213	0.504423	-3.648726	3.535255
0.005729	-0.594613	3.760420	-3.557095	1.487151	-3.945994	2.943839
0.005990	-1.599956	4.055381	-2.932913	2.383863	-4.005504	2.173922
0.006250	-2.509435	4.107345	-2.134585	3.138019	-3.826223	1.275866
0.006510	-3.269367	3.912696	-1.208432	3.700922	-3.415600	0.302805
0.006771	-3.833288	3.483786	-0.211419	4.042613	-2.801267	-0.685018
0.007031	-4.167160	2.845201	0.797291	4.144252	-2.018040	-1.635180
0.007292	-4.251144	2.036374	1.756518	3.998360	-1.115079	-2.483978
0.007552	-4.081139	1.104908	2.610528	3.604224	-0.139076	-3.182084
0.007813	-3.656407	0.100815	3.303688	3.007818	0.832483	-3.686557
0.008073	-3.045072	-0.887137	3.804707	2.212603	1.772479	-3.973316
0.008333	-2.174406	-1.873270	4.059560	1.300320	2.595218	-4.015136
0.008594	-1.318512	-2.649488	4.099083	0.314843	3.246629	-3.822969
0.008854	-0.139707	-3.433547	3.846550	-0.731432	3.763230	-3.383501
0.009115	0.659065	-3.743713	3.429679	-1.653366	3.936334	-2.764396
0.009375	2.021603	-4.245017	2.701181	-2.582109	4.060191	-1.952630
0.009635	2.314883	-3.840521	1.976543	-3.276563	3.703676	-1.044065
0.009896	4.106613	-4.330725	0.833556	-3.247001	2.998805	-0.117049
0.010156	-0.525072	-0.202771	0.793892	3.965507	-2.798766	-0.872399
0.010417	-3.514048	1.625791	1.924163	2.415448	-0.247074	-2.014836
0.010677	-7.882815	3.979583	3.484362	6.122381	-3.485945	-2.738266
0.010937	-15.940221	7.499606	7.333407	19.320705	-10.014824	-7.939823
0.011198	-16.100194	4.461071	11.030530	13.730507	-2.082794	-10.391733
0.011458	-21.479558	5.005917	15.053381	21.618021	-6.242892	-15.196460
0.011719	-25.017656	3.084900	20.736810	27.332224	-4.309672	-20.903849
0.011979	-22.806822	-2.677804	24.801649	20.492645	5.059482	-24.563116
0.012240	-25.920981	-4.525890	29.184605	26.866605	2.220337	-29.247224
0.012500	-24.013945	-10.151850	33.846872	25.726425	10.543889	-34.488743
0.012760	-19.423148	-16.416515	35.939777	16.733466	18.023800	-35.137766
0.013021	-19.424421	-19.041476	38.306249	21.684364	16.555505	-39.348796
0.013281	-13.037608	-25.487380	39.780214	12.991024	27.203859	-39.565062
0.013542	-7.726925	-29.307432	38.279589	6.034645	29.802599	-38.210398
0.013802	-5.492672	-30.812731	37.719088	7.627267	28.771311	-38.339183
0.014063	2.527691	-34.900415	35.049336	-3.455950	37.541713	-35.094904
0.014323	6.081866	-34.437388	30.573635	-7.158870	33.458630	-30.042427
0.014583	8.670914	-33.517695	27.427080	-6.590990	32.784693	-28.670593
0.014844	14.814267	-33.496256	22.022276	-16.820320	35.864400	-21.006426
0.015104	14.730766	-28.793528	16.463799	-14.506430	27.018555	-16.806928
0.015365	15.763480	-25.678438	12.802601	-14.720067	26.049216	-13.194838
0.015625	17.671047	-21.844937	7.001669	-19.591607	23.488140	-6.240519
0.015885	13.511557	-15.052415	3.304879	-12.691210	12.790942	-3.373796
0.016146	12.329123	-11.260029	1.083903	-11.905552	12.743519	-1.634244
0.016406	9.635103	-5.837002	-2.326731	-11.464471	6.076114	3.732010
0.016667	2.960535	-0.066858	-2.342225	-1.269965	-1.773191	1.471318
0.016927	0.321940	2.280508	-1.711647	-1.054190	-0.416599	2.059888
0.017188	-5.122407	6.491882	-1.505139	4.453214	-7.468960	2.325531
0.017448	-11.570490	8.546963	2.500716	13.007280	-9.516095	-3.245602
0.017708	-13.764453	8.003462	5.492028	12.861054	-6.338631	-5.109788
0.017969	-19.129694	9.004953	8.978751	19.017082	-10.719854	-8.241865
0.018229	-22.457535	6.419532	15.116984	23.961280	-6.363694	-16.326730
0.018490	-22.534113	3.075833	18.802008	21.033836	-1.954273	-17.825370
0.018750	-25.205051	0.612475	23.462685	26.281026	-2.584605	-23.601323
0.019010	-24.013980	-5.258768	28.940512	24.470746	6.443392	-29.813488
0.019271	-21.288693	-9.817174	30.965632	20.312739	9.897489	-30.105260
0.019531	-20.398604	-14.100085	34.439868	21.516925	12.817311	-34.932267
0.019792	-15.194459	-20.439115	36.560564	15.260554	21.985785	-37.347897
0.020052	-10.746606	-23.731665	35.514896	9.760899	23.175987	-34.460283
0.020313	-7.198193	-27.435585	36.091508	8.706633	26.887945	-37.237727
0.020573	-0.467416	-31.122678	33.881908	-0.522969	32.793167	-33.932237
0.020833	3.636781	-31.295771	29.833621	-3.769091	30.070817	-29.180431
0.021094	7.487104	-32.349432	27.569874	-6.643769	32.872071	-28.666153
0.021354	12.751039	-31.710932	21.976530	-13.848403	32.716784	-21.634781
0.021615	14.244229	-28.338609	16.789789	-14.157327	27.074038	-16.243279
0.021875	16.176632	-26.287974	13.137805	-15.575282	27.422113	-14.320152
0.022135	17.647327	-21.703476	6.811328	-19.059694	21.870617	-5.716411
0.022396	15.536138	-16.260370	2.994527	-14.779050	15.263341	-3.104769
0.022656	14.430852	-12.320908	0.204586	-14.581137	13.648117	-0.760971
