matriz = [0.000000 2.031281 -1.512179 -0.227332 -1.893684 1.838171 -0.234098
0.000521 4.454680 -2.779026 -1.084827 -4.305590 3.579505 0.121725
0.001042 3.956988 -1.709310 -1.798564 -4.043743 2.527691 1.023270
0.001563 4.100190 -1.195284 -2.483526 -4.346609 2.138446 1.730409
0.002083 3.637368 -0.290864 -3.043861 -4.072037 1.232806 2.459034
0.002604 3.314946 0.415250 -3.513564 -3.898751 0.553950 3.033822
0.003125 2.686669 1.234037 -3.821923 -3.411492 -0.323437 3.531430
0.003646 2.062239 1.930469 -4.000224 -2.896594 -1.074883 3.865157
0.004167 1.298603 2.594495 -4.011324 -2.208144 -1.856408 4.069087
0.004687 0.517245 3.134704 -3.878957 -1.469632 -2.523893 4.100479
0.005208 -0.295493 3.570008 -3.590362 -0.656225 -3.119636 3.985413
0.005729 -1.097853 3.859674 -3.164189 0.174017 -3.581522 3.707228
0.006250 -1.857816 4.006827 -2.613137 1.001237 -3.915039 3.293370
0.006771 -2.544655 3.993927 -1.964491 1.785727 -4.089861 2.745619
0.007292 -3.131312 3.831562 -1.236448 2.506555 -4.114975 2.096441
0.007813 -3.599238 3.522982 -0.465588 3.126947 -3.976040 1.361956
0.008333 -3.928640 3.072994 0.330314 3.629367 -3.689144 0.577566
0.008854 -4.111734 2.515733 1.111478 3.990500 -3.256968 -0.231717
0.009375 -4.130032 1.849299 1.852251 4.199390 -2.702623 -1.031301
0.009896 -3.992277 1.123538 2.520151 4.246547 -2.042208 -1.793803
0.010417 -3.699607 0.345244 3.090818 4.131423 -1.306076 -2.487076
0.010937 -3.265203 -0.439729 3.548138 3.854994 -0.516589 -3.085656
0.011458 -2.710175 -1.209154 3.866737 3.433394 0.289116 -3.566233
0.011979 -2.044437 -1.935019 4.040380 2.875873 1.086936 -3.910231
0.012500 -1.302428 -2.581761 4.053784 2.212846 1.839648 -4.106113
0.013021 -0.508949 -3.133539 3.917011 1.460064 2.524004 -4.143017
0.013542 0.304127 -3.561369 3.627915 0.654697 3.110097 -4.023703
0.014063 1.098473 -3.853371 3.203119 -0.179545 3.576314 -3.746981
0.014583 1.861478 -3.998387 2.654302 -1.003625 3.906415 -3.331392
0.015104 2.545021 -3.987052 2.002145 -1.791512 4.083777 -2.783777
0.015625 3.138566 -3.825374 1.275546 -2.508133 4.106934 -2.135346
0.016146 3.603955 -3.514584 0.500687 -3.131541 3.969358 -1.399656
0.016667 3.932460 -3.067734 -0.292173 -3.632241 3.681714 -0.615908
0.017188 4.112647 -2.506265 -1.071439 -3.995242 3.250316 0.194992
0.017708 4.132665 -1.843759 -1.816118 -4.203051 2.695393 0.993886
0.018229 3.998553 -1.115729 -2.481477 -4.249937 2.035273 1.756797
0.018750 3.703736 -0.339319 -3.058446 -4.134555 1.298806 2.449448
0.019271 3.270417 0.447069 -3.508769 -3.859078 0.509686 3.049848
0.019792 2.709557 1.216822 -3.830368 -3.437117 -0.295637 3.529140
0.020313 2.038419 1.948414 -4.000753 -2.878406 -1.095811 3.875323
0.020833 1.321134 2.578355 -4.020184 -2.210195 -1.848603 4.066104
0.021354 0.482281 3.159119 -3.876323 -1.468853 -2.529171 4.110006
0.021875 -0.260933 3.546767 -3.597227 -0.633262 -3.127539 3.976952
0.022396 -1.178338 3.897776 -3.146053 0.149807 -3.572015 3.721416
0.022917 -1.750181 3.954161 -2.640784 1.055565 -3.932291 3.269359
0.023438 -2.721637 4.072598 -1.918386 1.723628 -4.066604 2.775196
0.023958 -2.860092 3.700710 -1.303374 2.621153 -4.149409 2.042368
0.024479 -4.177501 3.820964 -0.331323 2.974324 -3.922726 1.432225
0.025000 -0.555562 0.804397 -0.254479 3.846745 -3.727188 0.445133
0.025521 4.341358 -2.951057 -1.035630 -2.265640 1.075026 1.094532
0.026042 2.736675 -0.580926 -2.149605 -2.926843 1.179868 1.829408
0.026562 2.735498 -0.729051 -1.954688 -6.228030 3.097823 2.941843
0.027083 15.877631 -9.925661 -5.639256 -13.126000 6.628313 5.463951
0.027604 17.260653 -6.197495 -9.025939 -15.711294 6.245715 8.662761
0.028125 12.676130 -1.799560 -10.347198 -15.791688 3.862080 11.280882
0.028646 20.837360 -5.805698 -14.656768 -20.334430 4.566065 14.424192
0.029167 25.997400 -5.464907 -19.041924 -23.744378 3.668406 18.787211
0.029687 21.390296 2.443877 -21.877361 -21.724852 -1.126133 22.224516
0.030208 19.570537 5.216516 -24.827122 -21.777586 -3.900279 24.846092
0.030729 25.974373 2.386498 -28.420132 -24.111277 -5.459094 28.450084
0.031250 23.520742 10.841384 -32.401939 -21.566083 -10.226833 31.596104
0.031771 14.537963 17.487907 -32.257098 -17.335915 -15.433661 33.004573
0.032292 17.358938 15.825302 -34.255506 -16.847414 -17.481636 34.217196
0.032813 16.986437 19.507759 -37.177417 -14.800766 -20.622987 35.811124
0.033333 7.755111 27.609855 -34.749765 -8.515163 -25.732421 35.746603
0.033854 3.319374 28.600695 -34.465365 -4.864575 -27.898316 34.026172
0.034375 4.864635 26.235884 -33.556100 -3.338386 -28.642492 33.228056
0.034896 -0.907942 32.399010 -32.070459 2.002485 -31.310915 31.590057
0.035417 -9.572884 34.831171 -27.670380 7.484589 -32.793983 27.867424
0.035937 -8.780505 29.434246 -23.935782 8.830713 -31.196380 24.477425
0.036458 -9.463864 29.941512 -23.399604 11.188621 -30.372530 21.619780
0.036979 -16.892370 32.273878 -16.410411 15.972677 -30.204372 17.449205
0.037500 -18.879272 27.166980 -12.145444 17.226403 -27.038915 12.386980
0.038021 -14.685943 21.357683 -9.917078 16.299716 -23.131033 9.059983
0.038542 -17.883309 22.044936 -5.567986 17.967490 -20.896204 5.713284
0.039063 -20.404695 18.931638 -0.735401 18.728076 -17.221014 1.021716
0.039583 -15.353052 9.822918 2.710182 15.528107 -11.803668 -2.067576
0.040104 -12.341588 7.913921 2.540348 13.272066 -7.951377 -3.702730
0.040625 -13.308764 6.565835 6.715267 12.704924 -4.827698 -6.080054
0.041146 -10.429650 -0.703275 9.201041 8.848566 0.134861 -8.118304
0.041667 -2.172491 -5.647924 6.828168 3.793500 4.271532 -7.762012
0.042188 -1.367693 -5.310583 7.127617 1.349599 6.175133 -7.012181
0.042708 0.143807 -7.798958 8.007406 -1.738322 8.932287 -7.091092
0.043229 8.182337 -13.957408 5.397568 -7.322845 11.766715 -5.219188
0.043750 11.648011 -12.037979 1.180095 -11.096508 12.217786 -1.809898
0.044271 12.387370 -10.541810 -0.078879 -12.804824 11.794571 0.425893
0.044792 15.787948 -13.413596 -1.992613 -16.563293 12.319192 3.030739
0.045312 21.399572 -12.145397 -8.263742 -20.120851 11.188634 7.572233
0.045833 20.951421 -7.364120 -12.010855 -20.525192 8.052342 11.525618
0.046354 19.587338 -5.260084 -12.978676 -21.032989 5.937426 14.137711
0.046875 23.846040 -5.491061 -18.096897 -22.675575 3.486757 17.905466
0.047396 22.731771 1.372876 -23.017694 -21.979283 -0.857524 22.122248
0.047917 18.571712 6.107180 -23.765060 -19.338644 -5.081972 24.133208
0.048438 18.187101 6.853596 -25.258680 -18.106343 -8.026209 25.739089
0.048958 17.191960 11.694716 -29.077379 -16.373153 -12.042192 28.400559
0.049479 12.387257 17.524084 -30.057758 -11.991323 -16.692521 29.337339
0.050000 7.055373 19.785868 -27.620130 -8.169786 -19.332924 28.386067
0.050521 6.257919 20.278735 -28.249600 -5.521143 -21.711982 28.186716
0.051042 2.157300 25.703365 -28.971560 -1.249454 -24.799994 27.667001
0.051562 -4.950908 27.445344 -24.321316 3.700570 -26.480485 24.770593
0.052083 -6.538122 25.394675 -21.153340 6.749053 -26.408401 21.594104
0.052604 -8.949204 26.947116 -20.412880 9.529612 -26.765864 19.462436
0.053125 -13.750624 27.719214 -16.044112 13.557538 -26.742301 15.810901
0.053646 -16.926599 24.616451 -10.396134 16.083214 -24.444267 10.839924
0.054167 -16.579843 21.004285 -7.227145 16.833043 -21.925283 7.444383
0.054688 -17.603368 20.848814 -5.222633 18.231966 -19.859902 4.180002
0.055208 -20.513389 17.046232 0.930869 19.255952 -16.332667 -0.549877
0.055729 -18.175239 10.769753 5.316404 18.078689 -11.788911 -4.331609
0.056250 -15.771503 8.527918 5.288027 16.364677 -8.194449 -6.386415
0.056771 -15.740905 5.339138 9.304304 15.242856 -4.542116 -9.017857
0.057292 -13.402387 -0.649560 12.543564 12.651107 0.319554 -11.890598
0.057812 -8.331395 -5.011860 12.467040 8.709403 4.311170 -12.335153
0.058333 -5.237649 -6.404500 11.669496 5.520344 7.112620 -12.087282
0.058854 -3.119047 -10.195982 12.952099 2.297212 10.469293 -12.707620
0.059375 2.171024 -14.672918 12.885635 -2.237858 13.492088 -11.673228
0.059896 7.067442 -14.451231 7.954292 -6.445884 14.725813 -8.906493
0.060417 9.321369 -14.971149 6.912861 -9.473109 15.437314 -6.736625
