matriz = [0.000000 2.031281 -1.512179 -0.227332 -1.893684 1.838171 -0.234098
0.000521 4.454680 -2.779026 -1.084827 -4.305590 3.579505 0.121725
0.001042 3.956988 -1.709310 -1.798564 -4.043743 2.527691 1.023270
0.001563 4.100190 -1.195284 -2.483526 -4.346609 2.138446 1.730409
0.002083 3.637368 -0.290864 -3.043861 -4.072037 1.232806 2.459034
0.002604 3.314946 0.415250 -3.513564 -3.898751 0.553950 3.033822
0.003125 2.686669 1.234037 -3.821923 -3.411492 -0.323437 3.531430
0.003646 2.062239 1.930469 -4.000224 -2.896594 -1.074883 3.865157
0.004167 1.298603 2.594495 -4.011324 -2.208144 -1.856408 4.069087
0.004687 0.517245 3.134704 -3.878957 -1.469632 -2.523893 4.100479
0.005208 -0.295493 3.570008 -3.590362 -0.656225 -3.119636 3.985413
0.005729 -1.097853 3.859674 -3.164189 0.174017 -3.581522 3.707228
0.006250 -1.857816 4.006827 -2.613137 1.001237 -3.915039 3.293370
0.006771 -2.544655 3.993927 -1.964491 1.785727 -4.089861 2.745619
0.007292 -3.131312 3.831562 -1.236448 2.506555 -4.114975 2.096441
0.007813 -3.599238 3.522982 -0.465588 3.126947 -3.976040 1.361956
0.008333 -3.928640 3.072994 0.330314 3.629367 -3.689144 0.577566
0.008854 -4.111734 2.515733 1.111478 3.990500 -3.256968 -0.231717
0.009375 -4.130032 1.849299 1.852251 4.199390 -2.702623 -1.031301
0.009896 -3.992277 1.123538 2.520151 4.246547 -2.042208 -1.793803
0.010417 -3.699607 0.345244 3.090818 4.131423 -1.306076 -2.487076
0.010937 -3.265203 -0.439729 3.548138 3.854994 -0.516589 -3.085656
0.011458 -2.710175 -1.209154 3.866737 3.433394 0.289116 -3.566233
0.011979 -2.044437 -1.935019 4.040380 2.875873 1.086936 -3.910231
0.012500 -1.302428 -2.581761 4.053784 2.212846 1.839648 -4.106113
0.013021 -0.508949 -3.133539 3.917011 1.460064 2.524004 -4.143017
0.013542 0.304127 -3.561369 3.627915 0.654697 3.110097 -4.023703
0.014063 1.098473 -3.853371 3.203119 -0.179545 3.576314 -3.746981
0.014583 1.861478 -3.998387 2.654302 -1.003625 3.906415 -3.331392
0.015104 2.545021 -3.987052 2.002145 -1.791512 4.083777 -2.783777
0.015625 3.138566 -3.825374 1.275546 -2.508133 4.106934 -2.135346
0.016146 3.603955 -3.514584 0.500687 -3.131541 3.969358 -1.399656
0.016667 3.932460 -3.067734 -0.292173 -3.632241 3.681714 -0.615908
0.017188 4.112647 -2.506265 -1.071439 -3.995242 3.250316 0.194992
0.017708 4.132665 -1.843759 -1.816118 -4.203051 2.695393 0.993886
0.018229 3.998553 -1.115729 -2.481477 -4.249937 2.035273 1.756797
0.018750 3.703736 -0.339319 -3.058446 -4.134555 1.298806 2.449448
0.019271 3.270417 0.447069 -3.508769 -3.859078 0.509686 3.049848
0.019792 2.709557 1.216822 -3.830368 -3.437117 -0.295637 3.529140
0.020313 2.055210 1.941701 -4.002667 -2.876240 -1.094637 3.875460
0.020833 1.309162 2.589619 -4.018510 -2.217099 -1.845693 4.068251
0.021354 0.529693 3.138858 -3.883881 -1.452151 -2.532613 4.108651
0.021875 -0.294687 3.569833 -3.590356 -0.662530 -3.116825 3.984356
0.022396 -1.076314 3.860325 -3.167005 0.196091 -3.582504 3.718083
0.022917 -1.852800 4.006943 -2.616401 0.987424 -3.917261 3.285167
0.023438 -2.504266 3.992948 -1.970893 1.826733 -4.083790 2.765465
0.023958 -3.156328 3.833635 -1.237579 2.460894 -4.127498 2.072737
0.024479 -3.458676 3.519881 -0.473274 3.255265 -3.957569 1.405580
0.025000 -4.841046 3.088341 0.361115 3.034554 -3.688389 0.526967
0.025521 -14.106816 1.923810 0.682774 -1.641694 -2.776288 0.200775
0.026042 -20.870573 0.586557 0.852379 -3.225158 -2.426618 -0.825407
0.026562 -28.981239 0.833320 2.423587 -8.060536 -0.762744 -0.879437
0.027083 -38.334124 -0.130605 2.719329 -12.530802 0.093568 -1.337158
0.027604 -42.653053 -2.666522 1.683078 -15.182269 0.933466 -2.111989
0.028125 -48.280806 -3.706567 1.693437 -18.678753 1.805122 -2.132976
0.028646 -52.227061 -2.774608 3.705690 -21.437121 3.362568 -2.200906
0.029167 -51.849303 -4.781741 2.347256 -21.934383 3.766926 -2.422458
0.029687 -53.123049 -4.956032 1.841593 -23.997689 4.664147 -2.425869
0.030208 -52.102980 -6.025539 1.865706 -24.999605 5.126785 -2.274563
0.030729 -46.457449 -5.983659 0.923956 -23.119960 5.483679 -2.030740
0.031250 -41.997007 -5.234943 1.994380 -21.968989 5.713848 -1.606657
0.031771 -36.429182 -5.391313 0.675088 -20.971848 5.922090 -1.198671
0.032292 -27.673928 -5.584402 -1.013931 -17.553131 5.131907 -0.878959
0.032813 -19.803513 -4.957219 -0.699910 -14.426083 5.054946 -0.464717
0.033333 -10.850987 -2.942905 -0.565544 -11.293572 4.474999 0.607622
0.033854 -0.912135 -3.063061 -1.630325 -6.156214 3.576363 0.665497
0.034375 7.252397 -2.141207 -2.348650 -3.160555 2.612677 1.379946
0.034896 15.231542 -0.801571 -3.228748 0.695005 1.736322 1.850180
0.035417 24.264190 0.117385 -2.572899 5.788260 0.588816 2.212507
0.035937 30.219780 1.918052 -2.964729 8.907221 -0.324350 2.776582
0.036458 34.669953 2.112237 -3.032061 11.566662 -1.481389 3.022177
0.036979 39.028725 2.776989 -3.857435 14.720935 -2.527829 2.922670
0.037500 40.720725 4.046049 -3.506771 16.499838 -3.388213 3.305439
0.038021 40.735757 5.183331 -2.086777 17.633100 -3.761484 3.159589
0.038542 39.591529 4.899901 -3.001992 18.583644 -4.817896 3.084414
0.039063 35.760654 4.868817 -2.371332 17.391539 -4.946407 2.736763
0.039583 30.565493 5.144096 -1.849548 16.528842 -5.269518 2.447886
0.040104 25.519712 5.354167 -1.336778 15.039767 -5.068998 2.074696
0.040625 17.464209 4.794240 -0.266906 12.441594 -4.878962 1.549919
0.041146 8.838464 4.080784 -0.315680 8.787394 -4.498974 1.084878
0.041667 0.864869 2.638476 0.060334 5.653682 -3.994628 0.437817
0.042188 -8.419741 2.668595 1.217170 2.003939 -3.111005 -0.087046
0.042708 -16.959816 1.849622 1.711296 -2.366624 -2.062569 -0.465069
0.043229 -25.111934 0.145697 1.688661 -5.846672 -1.300479 -1.212601
0.043750 -32.899723 -0.827946 2.001457 -10.221789 -0.231604 -1.549087
0.044271 -39.033117 -2.033564 2.374094 -13.667233 0.868964 -1.860939
0.044792 -43.530957 -2.354356 2.921845 -16.112316 1.916115 -2.228418
0.045312 -47.193272 -3.661666 2.488764 -19.127713 2.909257 -2.333578
0.045833 -49.239209 -4.412076 2.282113 -21.158680 3.747360 -2.503710
0.046354 -48.744151 -5.322301 2.035584 -21.832405 4.331614 -2.496382
0.046875 -46.871318 -5.322109 2.121706 -22.410987 5.100903 -2.216531
0.047396 -43.675448 -5.282832 1.943703 -21.765908 5.391322 -2.028704
0.047917 -38.301846 -5.926621 0.709408 -20.673591 5.576179 -1.798743
0.048438 -32.230289 -5.418343 0.297086 -18.859429 5.471775 -1.310612
0.048958 -24.613600 -5.015613 0.164804 -16.031855 5.333297 -0.895305
0.049479 -15.730348 -4.283768 -0.404048 -12.807251 4.856394 -0.205159
0.050000 -7.456165 -3.615120 -1.106911 -9.209649 4.220747 0.152624
0.050521 1.693444 -2.941761 -1.816264 -5.711745 3.475454 0.791570
0.051042 10.816381 -1.727252 -2.540571 -1.184507 2.512231 1.244458
0.051562 19.151052 -0.553866 -2.066751 2.784088 1.617023 1.842441
0.052083 26.636762 0.478283 -2.900566 6.522200 0.545372 2.290286
0.052604 33.059783 1.227736 -3.218107 10.241909 -0.650893 2.594513
0.053125 38.082472 2.334502 -3.363847 13.177932 -1.533325 2.815089
0.053646 41.684111 3.607232 -3.303604 15.920714 -2.581257 3.170373
0.054167 43.705947 4.161153 -2.802724 17.975630 -3.341938 3.070312
0.054688 43.461818 4.609823 -3.084679 18.890029 -4.249251 3.208920
0.055208 41.779173 5.012513 -2.677010 19.216337 -4.704871 2.926353
0.055729 38.644370 5.255997 -2.226171 19.148575 -5.145853 2.721911
0.056250 33.691209 5.755444 -1.731988 17.791340 -5.203104 2.450582
0.056771 27.238712 4.999886 -1.008225 15.941495 -5.260352 1.973030
0.057292 19.882299 4.642447 -0.913414 13.298180 -5.076430 1.506806
0.057812 11.615932 3.981584 -0.064836 10.172958 -4.617975 1.014882
0.058333 2.882029 3.588201 0.669142 6.778971 -3.915536 0.408863
0.058854 -5.922154 2.659436 0.911243 2.870905 -3.212954 -0.054971
0.059375 -14.980799 1.307973 1.515344 -1.221178 -2.294546 -0.722552
0.059896 -23.224505 0.431541 1.824171 -5.259245 -1.384051 -1.107016
0.060417 -30.411330 -0.745224 2.267490 -8.940553 -0.262887 -1.596667
0.060937 -36.918421 -1.423179 2.715806 -12.466417 0.816385 -1.959749
0.061458 -41.909304 -2.683288 2.353836 -15.714780 1.822106 -2.241137
