matriz = [0.000000 2.031281 -1.512179 -0.227332 -1.893684 1.838171 -0.234098
0.000521 4.454680 -2.779026 -1.084827 -4.305590 3.579505 0.121725
0.001042 3.956988 -1.709310 -1.798564 -4.043743 2.527691 1.023270
0.001563 4.100190 -1.195284 -2.483526 -4.346609 2.138446 1.730409
0.002083 3.637368 -0.290864 -3.043861 -4.072037 1.232806 2.459034
0.002604 3.314946 0.415250 -3.513564 -3.898751 0.553950 3.033822
0.003125 2.686669 1.234037 -3.821923 -3.411492 -0.323437 3.531430
0.003646 2.062239 1.930469 -4.000224 -2.896594 -1.074883 3.865157
0.004167 1.298603 2.594495 -4.011324 -2.208144 -1.856408 4.069087
0.004687 0.517245 3.134704 -3.878957 -1.469632 -2.523893 4.100479
0.005208 -0.295493 3.570008 -3.590362 -0.656225 -3.119636 3.985413
0.005729 -1.097853 3.859674 -3.164189 0.174017 -3.581522 3.707228
0.006250 -1.857816 4.006827 -2.613137 1.001237 -3.915039 3.293370
0.006771 -2.544655 3.993927 -1.964491 1.785727 -4.089861 2.745619
0.007292 -3.131312 3.831562 -1.236448 2.506555 -4.114975 2.096441
0.007813 -3.599238 3.522982 -0.465588 3.126947 -3.976040 1.361956
0.008333 -3.928640 3.072994 0.330314 3.629367 -3.689144 0.577566
0.008854 -4.111734 2.515733 1.111478 3.990500 -3.256968 -0.231717
0.009375 -4.130032 1.849299 1.852251 4.199390 -2.702623 -1.031301
0.009896 -3.992277 1.123538 2.520151 4.246547 -2.042208 -1.793803
0.010417 -3.699607 0.345244 3.090818 4.131423 -1.306076 -2.487076
0.010937 -3.265203 -0.439729 3.548138 3.854994 -0.516589 -3.085656
0.011458 -2.710175 -1.209154 3.866737 3.433394 0.289116 -3.566233
0.011979 -2.044437 -1.935019 4.040380 2.875873 1.086936 -3.910231
0.012500 -1.302428 -2.581761 4.053784 2.212846 1.839648 -4.106113
0.013021 -0.508949 -3.133539 3.917011 1.460064 2.524004 -4.143017
0.013542 0.304127 -3.561369 3.627915 0.654697 3.110097 -4.023703
0.014063 1.098473 -3.853371 3.203119 -0.179545 3.576314 -3.746981
0.014583 1.861478 -3.998387 2.654302 -1.003625 3.906415 -3.331392
0.015104 2.545021 -3.987052 2.002145 -1.791512 4.083777 -2.783777
0.015625 3.138566 -3.825374 1.275546 -2.508133 4.106934 -2.135346
0.016146 3.603955 -3.514584 0.500687 -3.131541 3.969358 -1.399656
0.016667 3.932460 -3.067734 -0.292173 -3.632241 3.681714 -0.615908
0.017188 4.112647 -2.506265 -1.071439 -3.995242 3.250316 0.194992
0.017708 4.132665 -1.843759 -1.816118 -4.203051 2.695393 0.993886
0.018229 3.998553 -1.115729 -2.481477 -4.249937 2.035273 1.756797
0.018750 3.703736 -0.339319 -3.058446 -4.134555 1.298806 2.449448
0.019271 3.270417 0.447069 -3.508769 -3.859078 0.509686 3.049848
0.019792 2.709557 1.216822 -3.830368 -3.437117 -0.295637 3.529140
0.020313 2.048555 1.943554 -4.004707 -2.880267 -1.094866 3.876062
0.020833 1.307241 2.584340 -4.015291 -2.215729 -1.845920 4.068498
0.021354 0.514325 3.146088 -3.888341 -1.463448 -2.531182 4.107506
0.021875 -0.299878 3.558838 -3.582695 -0.658730 -3.116769 3.988567
0.022396 -1.098059 3.871977 -3.178213 0.175967 -3.580621 3.708323
0.022917 -1.858904 3.983766 -2.595769 0.998326 -3.911911 3.297715
0.023438 -2.536499 4.018673 -1.996083 1.790296 -4.086254 2.740092
0.023958 -3.139274 3.780500 -1.186914 2.500863 -4.110195 2.103592
0.024479 -3.589280 3.619911 -0.569793 3.133929 -3.971256 1.349710
0.025000 -3.950411 2.311554 1.088310 3.614683 -3.658131 0.568474
0.025521 -3.993147 1.369573 2.262508 3.945220 -2.017740 -1.524741
0.026042 -4.109726 2.712670 1.067751 4.202841 -2.423578 -1.258445
0.026562 -4.111113 2.686730 0.711042 4.180335 -2.226841 -1.548419
0.027083 -3.742173 0.632751 2.968202 4.203004 -2.070078 -1.781931
0.027604 -3.504518 3.558825 -0.260201 4.037983 -3.744464 0.174390
0.028125 -2.827784 6.411981 -4.076382 3.725151 -6.111155 2.944105
0.028646 -2.723419 6.553226 -4.520218 3.346564 -7.563872 4.702661
0.029167 -1.887857 8.929401 -7.358023 2.854602 -9.898516 7.691453
0.029687 -1.238973 13.762020 -12.978340 2.267128 -13.627201 12.250643
0.030208 -0.982666 16.371046 -16.624992 1.742448 -16.474952 15.634616
0.030729 0.097090 17.223625 -18.246908 0.964526 -18.745378 18.741842
0.031250 0.441989 22.229365 -23.437436 0.501529 -22.305914 23.125028
0.031771 0.988787 25.998385 -28.362215 -0.264428 -25.470828 27.169524
0.032292 1.349062 26.196724 -29.434647 -0.829387 -27.219383 29.438900
0.032813 1.704422 28.814627 -31.815199 -1.262836 -29.163300 32.097603
0.033333 2.439002 31.992596 -35.922610 -1.744259 -31.465143 35.106673
0.033854 1.904383 32.448473 -36.647614 -2.049474 -32.171632 36.057245
0.034375 2.212915 31.176115 -35.477702 -2.284184 -31.973130 36.109119
0.034896 2.271441 32.933945 -36.847949 -2.389986 -32.259008 36.766706
0.035417 1.801679 32.844881 -36.801004 -2.238161 -31.777267 36.126748
0.035937 1.645727 29.092152 -33.299488 -2.263722 -29.612780 33.755261
0.036458 1.134786 28.077090 -31.046800 -1.811358 -27.720542 31.554158
0.036979 0.802778 27.099013 -29.652787 -1.518828 -25.914129 29.506573
0.037500 0.022274 23.248267 -25.651550 -1.058655 -22.753545 25.599114
0.038021 -0.624627 18.997304 -20.377129 -0.471075 -19.269011 21.397881
0.038542 -0.761505 17.444060 -17.987907 0.123829 -16.580679 18.201199
0.039063 -1.752797 14.588211 -14.516960 0.764283 -13.481419 14.268779
0.039583 -2.382018 9.204709 -8.658564 1.340997 -9.710160 9.592286
0.040104 -2.705366 7.207793 -5.608402 1.967221 -6.853270 6.116844
0.040625 -3.120020 5.668042 -3.408363 2.592128 -4.771739 3.391713
0.041146 -3.557830 2.030441 0.223694 3.034706 -2.109879 -0.044394
0.041667 -3.859521 -0.519043 3.345861 3.437749 -0.057232 -2.633612
0.042188 -3.812325 -0.159486 3.666981 3.818481 0.557257 -3.505510
0.042708 -3.969393 -0.764947 3.953785 3.935054 1.155082 -4.389771
0.043229 -3.899480 -2.724422 5.760697 4.050988 1.597836 -5.137876
0.043750 -3.539002 -0.971318 4.164869 4.010294 0.735643 -4.107110
0.044271 -3.086537 1.139274 1.609210 3.836616 -0.923331 -2.188837
0.044792 -3.018892 1.530175 0.698715 3.529745 -2.274501 -0.663637
0.045312 -2.366513 3.383187 -1.790752 3.112702 -4.316226 1.846478
0.045833 -1.587638 7.403840 -6.108265 2.665130 -7.465268 5.719394
0.046354 -1.215423 10.118953 -9.832501 2.136544 -10.283623 9.080336
0.046875 -0.481914 11.576484 -12.227669 1.409879 -12.838596 12.351568
0.047396 0.009818 15.982955 -16.882696 0.897272 -16.258490 16.579842
0.047917 0.745854 19.750592 -21.581389 0.160882 -19.508702 20.742059
0.048438 1.172333 21.099909 -23.860682 -0.423069 -21.896712 23.701810
0.048958 1.542834 23.780726 -26.909543 -0.998216 -24.285661 26.832100
0.049479 2.290569 27.073714 -30.742874 -1.522761 -26.819036 30.153155
0.050000 2.051986 28.445207 -32.459609 -1.938259 -28.227504 31.998921
0.050521 2.409977 28.256414 -32.745437 -2.300001 -28.860509 32.991352
0.051042 2.505657 29.953145 -34.314758 -2.494611 -29.608124 34.137171
0.051562 2.344739 30.401160 -34.733628 -2.515793 -29.628132 34.253437
0.052083 2.189542 28.121615 -32.635954 -2.602423 -28.337664 32.905513
0.052604 1.656385 27.253965 -31.044631 -2.349078 -26.970586 31.339358
0.053125 1.520377 26.326398 -29.711529 -2.117928 -25.431040 29.631321
0.053646 0.859490 23.339215 -26.423361 -1.730268 -22.803898 26.442095
0.054167 0.287546 19.719302 -22.031820 -1.228733 -19.752585 22.755968
0.054688 -0.094961 17.741296 -19.341369 -0.721400 -17.041675 19.536446
0.055208 -0.938060 14.945862 -15.701826 -0.079574 -13.961237 15.692328
0.055729 -1.506703 10.211095 -10.455544 0.490188 -10.317151 11.210086
0.056250 -1.997100 7.594893 -6.967175 1.152315 -7.247873 7.401108
0.056771 -2.459374 5.408453 -4.008513 1.794638 -4.682746 4.134570
0.057292 -2.976835 1.906875 -0.192862 2.312281 -1.767119 0.441614
0.057812 -3.406800 -0.900695 3.315433 2.814184 0.662969 -2.642983
0.058333 -3.523856 -1.722124 4.628087 3.257157 2.006561 -4.432820
0.058854 -3.679588 -2.833738 5.811061 3.540179 3.160772 -6.005362
0.059375 -3.732320 -4.788288 7.807473 3.766019 4.047739 -7.286613
0.059896 -3.571316 -4.067087 7.246665 3.822475 3.873182 -7.141876
0.060417 -3.316537 -2.815248 5.774069 3.785127 2.895426 -6.097648
0.060937 -3.160032 -2.474956 5.054836 3.596218 1.919948 -5.028146
