matriz = [0.000000 2.031281 -1.512179 -0.227332 -1.893684 1.838171 -0.234098
0.000521 4.454680 -2.779026 -1.084827 -4.305590 3.579505 0.121725
0.001042 3.956988 -1.709310 -1.798564 -4.043743 2.527691 1.023270
0.001563 4.100190 -1.195284 -2.483526 -4.346609 2.138446 1.730409
0.002083 3.637368 -0.290864 -3.043861 -4.072037 1.232806 2.459034
0.002604 3.314946 0.415250 -3.513564 -3.898751 0.553950 3.033822
0.003125 2.686669 1.234037 -3.821923 -3.411492 -0.323437 3.531430
0.003646 2.062239 1.930469 -4.000224 -2.896594 -1.074883 3.865157
0.004167 1.298603 2.594495 -4.011324 -2.208144 -1.856408 4.069087
0.004687 0.517245 3.134704 -3.878957 -1.469632 -2.523893 4.100479
0.005208 -0.295493 3.570008 -3.590362 -0.656225 -3.119636 3.985413
0.005729 -1.097853 3.859674 -3.164189 0.174017 -3.581522 3.707228
0.006250 -1.857816 4.006827 -2.613137 1.001237 -3.915039 3.293370
0.006771 -2.544655 3.993927 -1.964491 1.785727 -4.089861 2.745619
0.007292 -3.131312 3.831562 -1.236448 2.506555 -4.114975 2.096441
0.007813 -3.599238 3.522982 -0.465588 3.126947 -3.976040 1.361956
0.008333 -3.928640 3.072994 0.330314 3.629367 -3.689144 0.577566
0.008854 -4.111734 2.515733 1.111478 3.990500 -3.256968 -0.231717
0.009375 -4.130032 1.849299 1.852251 4.199390 -2.702623 -1.031301
0.009896 -3.992277 1.123538 2.520151 4.246547 -2.042208 -1.793803
0.010417 -3.699607 0.345244 3.090818 4.131423 -1.306076 -2.487076
0.010937 -3.265203 -0.439729 3.548138 3.854994 -0.516589 -3.085656
0.011458 -2.710175 -1.209154 3.866737 3.433394 0.289116 -3.566233
0.011979 -2.044437 -1.935019 4.040380 2.875873 1.086936 -3.910231
0.012500 -1.302428 -2.581761 4.053784 2.212846 1.839648 -4.106113
0.013021 -0.508949 -3.133539 3.917011 1.460064 2.524004 -4.143017
0.013542 0.304127 -3.561369 3.627915 0.654697 3.110097 -4.023703
0.014063 1.098473 -3.853371 3.203119 -0.179545 3.576314 -3.746981
0.014583 1.861478 -3.998387 2.654302 -1.003625 3.906415 -3.331392
0.015104 2.545021 -3.987052 2.002145 -1.791512 4.083777 -2.783777
0.015625 3.138566 -3.825374 1.275546 -2.508133 4.106934 -2.135346
0.016146 3.603955 -3.514584 0.500687 -3.131541 3.969358 -1.399656
0.016667 3.932460 -3.067734 -0.292173 -3.632241 3.681714 -0.615908
0.017188 4.112647 -2.506265 -1.071439 -3.995242 3.250316 0.194992
0.017708 4.132665 -1.843759 -1.816118 -4.203051 2.695393 0.993886
0.018229 3.998553 -1.115729 -2.481477 -4.249937 2.035273 1.756797
0.018750 3.703736 -0.339319 -3.058446 -4.134555 1.298806 2.449448
0.019271 3.270417 0.447069 -3.508769 -3.859078 0.509686 3.049848
0.019792 2.709557 1.216822 -3.830368 -3.437117 -0.295637 3.529140
0.020313 2.047046 1.945896 -4.001871 -2.879948 -1.095061 3.875725
0.020833 1.308130 2.581563 -4.019146 -2.214269 -1.847846 4.066497
0.021354 0.510176 3.152740 -3.879340 -1.464808 -2.529721 4.109264
0.021875 -0.294048 3.551675 -3.593850 -0.651614 -3.123132 3.981197
0.022396 -1.112366 3.886380 -3.156654 0.166575 -3.573785 3.716516
0.022917 -1.839913 3.966163 -2.625621 1.019057 -3.927722 3.280452
0.023438 -2.572680 4.051907 -1.945366 1.760801 -4.066470 2.762553
0.023958 -3.082843 3.728426 -1.267487 2.553151 -4.146759 2.065199
0.024479 -3.698817 3.738868 -0.403208 3.055442 -3.917350 1.407919
0.025000 -3.531789 1.571816 0.132526 3.741544 -3.763963 0.468108
0.025521 -2.300800 -0.720471 -0.077963 2.757657 -0.788062 0.027794
0.026042 -1.497456 0.883555 -0.817218 2.466018 -0.335191 1.054151
0.026562 -2.187077 0.384355 -1.628335 1.357648 0.925436 1.709482
0.027083 -1.148108 -3.874096 -1.987321 0.048790 1.802176 2.578636
0.027604 1.557084 -0.675067 -4.696341 -0.216887 0.882767 5.007448
0.028125 2.872824 0.754040 -8.066783 -1.122575 -0.554330 7.772556
0.028646 2.653024 0.210608 -9.436327 -2.203609 -1.485442 9.554034
0.029167 2.166906 3.240134 -11.314040 -2.854344 -3.638304 11.963285
0.029687 4.017620 6.857019 -15.197916 -3.133124 -6.568605 15.302241
0.030208 5.167461 8.098689 -18.380209 -3.773162 -8.624126 17.580151
0.030729 5.492337 9.448952 -18.630912 -3.806001 -11.007954 19.120515
0.031250 4.190405 14.620431 -21.028736 -3.993787 -14.037997 21.287147
0.031771 3.549656 16.717967 -23.715615 -4.011029 -16.653336 22.815670
0.032292 4.548027 17.420462 -22.883453 -3.758556 -18.121155 23.111163
0.032813 4.583706 19.685221 -23.287976 -2.950480 -19.945338 23.179664
0.033333 3.390732 21.711213 -23.774264 -2.808772 -21.553035 23.313442
0.033854 1.213283 22.400385 -22.499169 -2.097990 -22.113003 21.760622
0.034375 0.811173 21.941555 -19.211180 -1.386650 -21.869703 19.798920
0.034896 1.089694 21.866606 -18.545218 -0.332665 -21.636310 18.016138
0.035417 -0.017887 20.901180 -16.516925 0.230447 -20.541761 15.485429
0.035937 -1.544602 18.802974 -11.478943 1.268789 -18.634227 11.815701
0.036458 -3.686232 17.226408 -8.569723 1.765549 -16.431799 8.513516
0.036979 -3.093508 14.551210 -5.985126 2.669558 -14.041320 5.466235
0.037500 -3.410149 11.123230 -2.049191 3.245235 -10.687856 1.658755
0.038021 -3.895183 7.465063 2.417454 3.942444 -7.283847 -2.090527
0.038542 -5.623092 4.732164 4.870595 3.888940 -4.151139 -4.994505
0.039063 -5.782900 1.757437 7.534945 4.333351 -0.791956 -7.923141
0.039583 -4.668946 -2.953314 11.234464 4.285544 2.960627 -10.625941
0.040104 -4.201751 -5.918981 12.365843 4.371047 5.967646 -12.522119
0.040625 -4.388727 -8.073391 13.621994 3.798442 8.490431 -13.575799
0.041146 -4.745568 -10.611736 14.899982 3.501195 10.906481 -14.688253
0.041667 -3.590176 -12.896839 15.430079 2.787684 12.972118 -14.785135
0.042188 -1.709652 -14.353380 13.868502 2.319797 13.921187 -13.900068
0.042708 -1.004782 -14.359339 12.688852 1.447374 14.591385 -12.675973
0.043229 -0.711932 -15.269741 11.889248 0.656422 14.620689 -11.248168
0.043750 -0.339903 -13.898398 9.146871 -0.388530 13.902176 -8.810490
0.044271 1.667530 -12.714958 5.921390 -0.986974 12.422752 -5.894117
0.044792 3.064444 -11.529181 3.286578 -1.889010 10.862081 -3.043763
0.045312 3.523825 -9.134709 0.278809 -2.491417 8.528762 -0.018866
0.045833 3.356282 -5.985560 -3.248750 -3.392289 5.583799 3.453527
0.046354 4.074461 -2.658890 -6.650890 -3.702400 2.648451 6.549167
0.046875 5.254124 -0.697869 -9.122236 -4.165350 -0.252731 9.415765
0.047396 5.800760 3.067099 -12.305625 -4.185018 -3.540786 12.166468
0.047917 4.919644 6.603843 -14.741481 -4.449338 -6.775663 14.507848
0.048438 4.397671 9.253828 -15.938701 -4.262423 -9.545756 16.010542
0.048958 4.273312 11.866802 -17.271012 -4.035355 -11.982823 17.172696
0.049479 4.700704 13.894783 -18.247697 -3.444122 -14.271910 17.926458
0.050000 3.611395 15.956792 -18.178705 -2.979656 -15.794632 17.737873
0.050521 2.130842 16.668273 -16.816241 -2.302106 -16.828699 16.765857
0.051042 1.043859 17.744088 -15.693638 -1.625692 -17.301676 15.536813
0.051562 0.697425 17.439460 -14.284734 -0.676386 -17.152944 13.687125
0.052083 0.281733 16.196671 -11.273269 0.141800 -16.131680 11.169903
0.052604 -1.398916 15.155609 -8.587107 1.013128 -14.767249 8.237615
0.053125 -2.742035 13.510641 -5.398511 1.655481 -12.931654 5.279078
0.053646 -3.485749 11.083572 -2.209931 2.483396 -10.421126 1.891074
0.054167 -3.444275 7.707204 1.460818 3.114351 -7.457654 -1.486465
0.054688 -3.860926 4.847865 4.523530 3.687413 -4.475316 -4.663530
0.055208 -5.093344 1.982005 7.492755 3.926420 -1.308336 -7.729363
0.055729 -5.344220 -1.630085 10.888486 4.151516 2.032350 -10.592890
0.056250 -5.164966 -4.819777 12.881465 4.206488 5.245037 -12.887230
0.056771 -4.145566 -7.957967 14.597044 4.164199 8.130115 -14.528982
0.057292 -4.258705 -10.600220 15.925038 3.826379 10.789666 -15.863653
0.057812 -4.225240 -12.806886 16.931763 3.371583 12.994830 -16.561231
0.058333 -3.506901 -14.539138 16.714828 2.759607 14.606690 -16.398465
0.058854 -2.186589 -15.687500 15.704972 2.178176 15.737837 -15.657316
0.059375 -0.835152 -16.752337 14.828124 1.415586 16.308153 -14.397400
0.059896 -0.556729 -16.298208 12.757025 0.565913 16.097174 -12.549975
0.060417 0.178258 -15.376049 10.425689 -0.334500 15.222463 -10.081291
0.060937 1.332105 -14.310638 7.586210 -1.146259 13.909397 -7.351651
